824562206
503316086
5878766496
877717137
859615411
317013012
1689898920
230396401
156471017
147209175
222082557
740125945
647481784
626300829
569582847
508910964
833591808
786227981
5432581667
789423560
1231032009
419714698
5241401883
850843655
5659427285
269578598
168315456
531772530
358076056
5877359492
713452194
278496715
649084728
139001205
818748721
5428349607
617478033
5889556613
582073340
5878766484
733112718
996859135
912299192
631563496
361103784
578734132
1665136151
5661840060
642723995
299408536
195452656
412451279
5885074612
669674562
497793283
581568746
712853820
1805227093
5884302609
694980541
5883957274
288255901
605890017
5875519742
5484366211
442476514
865587169
5346593844
5481264558
129218091
397922815
5490806462
908591685
5488114769
621600649
1927812306
557525205
1781386972
285393123
1099485187
5428449015
188106926
5493163538
259497598
359898003
200139058
119759571
5661890272
804970306
247738108
220346185
683164395
5570166983
5345630568
5360689327
5421334295
5872555114
299665566
198031812
447214919
5478665205
5565653143
5346693265
444741967
783497359
321339064
583298840
995261436
5433179753
5360689325
539339049
600016403
5884302603
5667696343
853954412
596513038
5571910797
789210832
5490806463
1346378146
158200506
5571910796
5478665206
251373245
180256246
354690825
143984623
935177184
531882874
125763421
543093278
159754034
5436385565
539443816
507321508
294919294
752714891
5346743096
303928619
5488114770
534585647
5488164447
5431238911
1881591367
5565653145
935664589
566105402
754503126
5355083101
5430778379
764301567
5478665204
5430175424
5866404764
761868534
221908744
5360689326
784416190
964411985
1750500798
993489286
638523200
208302813
849259777
481272875
663443281
729163581
1632735383
1957135805
499220629
5884163878
799970945
868465805
1962076244
369483885
525108878
534123114
