1914400212
2791707125
1671465903
1164960121
2004055705
2134521073
1424255464
1143996385
2309229615
1828401696
2387543185
2818950842
2571291319
2307317797
2516820945
2176764541
2803266016
1219019974
1501237539
2421857824
2282364752
1715887306
1977559953
1931197905
1314594871
1677177145
1252988027
1668551383
2238577938
1714285786
2964310414
2359893800
2077931442
2451589149
2289779036
1697682233
1878119590
1817142186
2024389617
1838661814
2911604224
1522493020
2746691303
752805321
634228074
944869950
249915100
450329963
958380206
1538863672
2301461465
1393551026
2128716057
907810370
2129971061
985854132
2933680293
2061801481
808392760
586144844
634812760
5398869324
879215854
411537240
331523536
950372005
506677903
2992818016
2416854416
2775371096
668351154
5395472267
613779116
569968750
2377892065
1052025605
940065299
503639924
745646496
662235495
283174606
182250319
952008592
876019681
633686234
214361262
250645118
2206669510
1796137837
1393053661
2632210502
1275228983
1306658278
2535084813
392022764
325296791
1167539252
851061537
385817749
1164939320
732030497
2074097715
227787244
2897492548
1955192582
1985500122
1116048520
1887625445
351300955
646355283
2382783995
2630278656
883757737
2521532049
2956425710
1244906004
2375647582
1756630350
382555909
1432868371
2031883134
1300433796
461366701
5308230658
1940999506
5413202405
1445838247
5413252397
717529952
490739930
2024641048
782491119
1405562300
1344281445
1866205715
522465432
2895994891
471238579
1326305161
5398869321
506214180
477793846
577215483
2830250372
334673015
413977341
350968558
2541961744
2088593684
5398869323
2491106746
893511938
420293496
2265629095
2213358276
2222181598
1192422869
1091771821
613319665
5398869320
5407722032
439531242
783481921
349891499
391619413
743589989
2745788950
794465432
1138578521
1810106864
328056056
2251796542
5395472266
716214166
592449793
297128326
612036792
383665623
228851708
361095227
984762903
1489272376
855525426
5398869322
2409763303
5395472268
1246641427
1423262206
2071360528
2271428744
2962441596
2181977805
1567946066
1281602814
2894135783
1441564308
1384539613
1667916287
2284897071
1685704750
1563631116
1031241658
1430623814
2222311738
2177930351
1896723365
2122605153
2341311993
1646139921
2367674245
798515598
522685510
1751429107
1469698072
1704425810
724746019
1647211767
1091582748
1659411135
345814723
1981584012
1167695173
1065402812
1450914177
1654111705
1904937621
431200866
1481196033
1499781641
1026951967
826337309